1297613297
7339298339
1297613297
7339298339
7265313265
7219234219
3248310248
6987826987
3638823638
3112855112
5206515206
4059244059
6729678729
2557909557
3700307700
7397349397
3275831275
3090340090
1547534547
3979326979
3710793710
9053933053
2085063085
2481218481
4721167721
8572118572
9135042135
1607286607
3405064405
4983143983
8973722973
3681365681
7192381192
2418397418
5810166810
3489177489
2235644235
2595057595
5999934999
6146004146
4562320562
5602676602
3964028964
3050156050
9409413409
6929888929
8019595019
6068671068
3584463584
2431974431
3075703075
8780801780
